20 20 3 0
F 4 3 3 4 4
F 13 11 6 4 4
F 18 18 3 4 4
F 18 17 3 4 4
F 12 15 3 4 4
F 2 16 3 4 4
W 5 6 9 4 4
W 18 1 9 4 4
W 15 13 9 4 1
W 20 15 9 4 4
W 4 14 9 4 4
W 1 1 9 4 4
W 6 14 9 4 4
W 15 13 9 4 1
S 12 16 4 4 4
S 4 19 4 4 4
S 12 18 4 4 4
C 6 6 11 4 1
S 14 4 4 4 4
A 7 11 4 4 4
A 17 17 4 4 4
S 2 3 4 4 4
C 5 4 11 4 4
A 9 14 4 4 4
S 9 17 4 4 4
A 3 4 4 4 4
C 7 7 11 4 4
A 0 6 4 4 4
S 8 17 4 4 4
A 18 3 4 4 4
C 13 15 11 4 4
A 1 18 4 4 4
C 8 10 11 4 4
A 14 11 4 4 4
A 16 2 4 4 4
C 6 6 11 4 1
A 4 10 7 4 4
C 4 4 11 4 4
H 9 1 5 4 4
C 6 8 11 4 1
T 19 1 2 4 4
T 7 13 2 4 4
T 3 1 2 4 4
T 14 10 2 4 4
U 9 5 0 4 4
G 3 9 0 4 4
D 16 16 0 4 4
B 0 0 99 4 4
U 2 18 0 4 4
P 6 16 10 4 4
D 10 8 0 4 4
U 0 2 0 4 4
G 10 7 0 4 4
G 15 3 0 4 4
G 15 0 0 4 4
U 13 2 0 4 4
B 19 3 99 4 4
D 19 12 0 4 4
G 10 17 0 4 4
G 12 0 0 4 4
G 11 6 0 4 4
D 9 3 0 4 4
D 19 8 0 4 4
D 18 2 0 4 4
B 4 13 99 4 4
U 10 6 0 4 4
W 16 13 9 4 1
